poids<-c(0.55, 0.62, 0.54, 0.58, 0.63, 0.64, 0.60, 0.62, 0.59, 0.67, 0.62, 0.61)
